== traced while the waiting side opened a new SSH login about every 33 s
dip/f32-1.json  mean 172.1 ms  max 319 ms  gaps [135, 184, 319, 315, 249, 259, 186, 141, 142, 142, 141, 141, 143, 142, 150, 137, 137, 137, 139, 137, 139]
dip/f32-2.json  mean 137.0 ms  max 141 ms  gaps [135, 137, 135, 136, 136, 136, 139, 136, 138, 136, 138, 138, 137, 137, 141, 137, 136, 137, 137, 138, 137]
dip/f32-3.json  mean 138.7 ms  max 146 ms  gaps [136, 135, 136, 135, 136, 136, 138, 137, 139, 136, 144, 141, 141, 142, 144, 143, 146, 137, 137, 137, 137]
dip/f32-4.json  mean 160.8 ms  max 382 ms  gaps [382, 281, 168, 141, 141, 141, 141, 142, 141, 141, 142, 141, 141, 141, 142, 141, 143, 142, 142, 142, 141]
dip/i8-1.json   mean 114.3 ms  max 122 ms  gaps [113, 113, 114, 113, 115, 114, 114, 114, 114, 114, 114, 114, 122, 111, 114, 116, 114, 114, 114, 114, 115]
dip/i8-2.json   mean 114.8 ms  max 130 ms  gaps [113, 114, 113, 114, 114, 115, 113, 116, 114, 114, 114, 114, 114, 114, 114, 114, 115, 114, 114, 114, 130]
dip/i8-3.json   mean 162.8 ms  max 357 ms  gaps [110, 108, 109, 109, 110, 109, 109, 109, 109, 110, 126, 168, 247, 357, 306, 188, 188, 183, 183, 184, 197]
dip/i8-4.json   mean 114.0 ms  max 116 ms  gaps [113, 113, 113, 113, 114, 113, 114, 114, 115, 114, 114, 114, 114, 114, 114, 115, 114, 114, 115, 116, 114]

== traced with one SSH connection held open and no new logins
dip2/f32-1.json mean 141.0 ms  max 149 ms  gaps [135, 136, 136, 149, 142, 141, 142, 140, 143, 141, 141, 142, 141, 142, 141, 142, 141, 142, 142, 141, 142]
dip2/f32-2.json mean 141.4 ms  max 157 ms  gaps [136, 135, 136, 136, 143, 141, 143, 140, 141, 141, 142, 141, 141, 143, 142, 142, 142, 143, 157, 142, 142]
dip2/f32-3.json mean 136.5 ms  max 138 ms  gaps [136, 135, 138, 135, 136, 136, 136, 136, 136, 137, 137, 138, 136, 137, 136, 137, 137, 137, 137, 136, 138]
dip2/f32-4.json mean 140.4 ms  max 165 ms  gaps [142, 135, 136, 135, 138, 137, 136, 136, 136, 136, 136, 136, 139, 142, 154, 141, 141, 165, 142, 143, 142]
dip2/i8-1.json  mean 113.5 ms  max 124 ms  gaps [110, 108, 113, 108, 108, 124, 114, 114, 113, 114, 114, 115, 114, 114, 114, 114, 114, 114, 115, 114, 116]
dip2/i8-2.json  mean 111.4 ms  max 123 ms  gaps [113, 113, 113, 114, 113, 123, 113, 117, 109, 110, 109, 109, 110, 109, 109, 109, 110, 109, 109, 110, 109]
dip2/i8-3.json  mean 109.5 ms  max 111 ms  gaps [108, 111, 110, 109, 109, 109, 110, 109, 109, 109, 109, 111, 110, 109, 109, 110, 109, 109, 110, 110, 110]
dip2/i8-4.json  mean 114.0 ms  max 116 ms  gaps [113, 114, 113, 115, 113, 115, 113, 114, 114, 114, 114, 114, 116, 114, 114, 114, 114, 114, 114, 114, 115]

== SSH logins during the first traced set (journal)
01:47:40 01:47:47 01:48:18 01:48:49 01:49:23 01:49:56 01:51:00 01:51:31 01:52:04 01:52:37 01:53:23 01:53:54 01:54:29 01:55:07 01:55:43 01:56:14 01:56:49 01:57:28 01:58:02 01:58:33 01:59:09 01:59:43 02:00:17 02:00:48 02:01:23 02:02:01 02:02:35 02:03:08 02:04:11 02:04:41 02:05:14 02:05:45 02:05:57 
== vmstat dip/f32-1 seconds 131..136
 4  0      0 1711156  12100 1053620    0    0     0     0 2680 3594 82  2 16  0  0 2026-09-17 01:52:01
 2  0      0 1711156  12100 1053620    0    0     0    12 2681 3578 83  1 16  0  0 2026-09-17 01:52:02
 2  0      0 1711156  12100 1053620    0    0     0     4 2654 3517 84  0 16  0  0 2026-09-17 01:52:03
 5  1      0 1708660  12108 1054128    0    0   504   292 2567 11207 70 15 12  4  0 2026-09-17 01:52:04
 4  0      0 1708664  12108 1054128    0    0     0   540 2871 8610 74 11 14  1  0 2026-09-17 01:52:05
 4  0      0 1708912  12108 1054128    0    0     0     0 2578 4138 83  2 15  0  0 2026-09-17 01:52:06
== vmstat dip/f32-4 seconds 130..135
 4  0      0 1708476  12480 1053936    0    0     0     0 2696 3603 83  1 16  0  0 2026-09-17 02:05:12
 4  0      0 1708476  12480 1053936    0    0     0     0 2699 3631 83  1 16  0  0 2026-09-17 02:05:13
 4  0      0 1708476  12480 1053936    0    0     0     0 2675 3551 83  2 16  0  0 2026-09-17 02:05:14
 3  0      0 1707364  12488 1054276    0    0   504    28 2633 11102 69 16 13  2  0 2026-09-17 02:05:15
 2  0      0 1707472  12488 1054440    0    0     0     0 2605 4690 82  3 15  0  0 2026-09-17 02:05:16
 2  0      0 1707472  12488 1054440    0    0     0     0 2552 4209 83  2 15  0  0 2026-09-17 02:05:17
== vmstat dip/i8-3 seconds 114..120
 4  0      0 1835644  12016 1053700    0    0     0    12 3195 4585 79  1 20  0  0 2026-09-17 01:58:29
 4  0      0 1835644  12016 1053700    0    0     0     0 3142 4496 79  1 20  0  0 2026-09-17 01:58:30
 4  0      0 1835644  12016 1053700    0    0     0     4 3128 4453 78  2 20  0  0 2026-09-17 01:58:31
 4  0      0 1835644  12016 1054204    0    0   504     0 3174 4558 78  1 17  4  0 2026-09-17 01:58:32
 3  0      0 1835396  12016 1054204    0    0     0     0 3055 5690 80  4 16  0  0 2026-09-17 01:58:33
 5  0      0 1821284  12048 1054220    0    0    24    12 2225 15858 73 18  8  0  0 2026-09-17 01:58:34
 2  0      0 1810208  12048 1054236    0    0     0     0 2443 4596 77  7 17  0  0 2026-09-17 01:58:35
